
=== Learning convolutional identity for channels = 4, kernel = (3, 3) ===

=== Epoch 500 ===
loss = 0.00000000
learning rate = 0.05000000
Absolute performance:
max abs err = 0.00000000
mean abs err = 0.00000000

After 500 epochs (0:00:05 hh:mm:ss)
Learned parameters: [Parameter containing:
tensor([[[[-2.2613e-11, -3.5685e-11, -1.0826e-11],
          [-9.4044e-11,  1.0000e+00,  7.6292e-11],
          [ 6.2147e-11, -3.6640e-11, -4.0428e-11]],

         [[ 4.4552e-11, -7.2578e-11,  6.7033e-11],
          [-1.2605e-11, -5.0509e-11,  8.9058e-11],
          [-9.9090e-11, -2.1352e-12, -6.9906e-11]],

         [[ 1.3651e-11, -8.9420e-11, -7.4537e-12],
          [ 7.9130e-11, -5.2721e-11, -8.6932e-11],
          [ 3.6310e-11, -3.4724e-11, -5.7868e-11]],

         [[-1.6766e-12,  7.5025e-11, -3.3915e-11],
          [-5.2765e-11, -4.1317e-11,  8.1174e-11],
          [-2.2232e-11, -1.0278e-10,  7.6132e-11]]],


        [[[-3.3642e-11,  3.3614e-11, -2.3191e-11],
          [-3.1868e-11,  3.4871e-11, -8.0369e-11],
          [-7.3788e-11,  4.3545e-11, -3.9504e-11]],

         [[-5.6912e-12, -1.6491e-11,  1.1366e-10],
          [ 1.3404e-11,  1.0000e+00, -1.7478e-10],
          [ 1.1353e-10,  1.2652e-10,  3.6274e-11]],

         [[ 4.0880e-11,  3.0102e-11,  1.0298e-11],
          [ 1.3834e-10,  2.7906e-11,  1.0482e-10],
          [ 3.2999e-11,  9.2690e-11,  9.2095e-11]],

         [[-4.8888e-11,  1.6212e-10, -3.2722e-11],
          [ 1.7173e-11,  7.8959e-11, -1.3044e-10],
          [-8.2328e-11, -1.9105e-12, -1.5819e-10]]],


        [[[ 9.5133e-12,  2.0015e-11,  3.1817e-12],
          [ 2.1269e-11,  1.1151e-11,  6.4915e-11],
          [ 2.1570e-11, -2.8108e-11,  3.6231e-11]],

         [[ 1.2900e-11, -9.2311e-12,  2.8208e-11],
          [-4.8535e-12,  1.9311e-11, -5.0322e-11],
          [ 3.5680e-11, -4.4689e-11,  7.6051e-12]],

         [[-7.1485e-11,  3.5689e-12,  7.5204e-13],
          [ 2.2839e-11,  1.0000e+00, -1.1249e-10],
          [-5.5162e-11, -4.2739e-12,  1.7534e-11]],

         [[-7.6756e-11, -2.9844e-12,  1.0118e-10],
          [-7.5923e-11, -1.5904e-11,  5.9696e-11],
          [ 6.3184e-11, -1.1199e-10,  1.0778e-10]]],


        [[[ 2.5407e-11, -4.9731e-11,  5.6585e-13],
          [-2.7249e-11, -7.7882e-13, -1.4491e-11],
          [-9.2080e-11,  7.0920e-11, -1.0563e-11]],

         [[-4.8057e-12, -6.3559e-11,  2.9335e-11],
          [ 3.6335e-12, -7.9786e-11, -1.3289e-11],
          [ 7.0822e-11, -1.0202e-11,  2.0398e-11]],

         [[ 3.0853e-11,  2.4087e-11, -1.6990e-11],
          [ 7.5654e-11,  4.2071e-11,  6.7637e-13],
          [-4.1133e-11, -1.5890e-11, -2.2272e-11]],

         [[ 2.7609e-12, -2.0270e-11,  4.2459e-11],
          [ 3.9410e-11,  1.0000e+00,  3.1376e-11],
          [ 4.3374e-11, -4.7859e-11, -7.9544e-11]]]], device='cuda:0',
       requires_grad=True), Parameter containing:
tensor([ 1.1659e-10, -1.1361e-10,  1.0827e-10, -1.7504e-10], device='cuda:0',
       requires_grad=True)]
